Nacimientos
	

Consulta de: Nacimientos registrados   Por: Sexo   Según: Año de registro
 	 1985	 1986	 1987	 1988	 1989	 1990	 1991	 1992	 1993	 1994	 1995	 1996	 1997	 1998	 1999	 2000	 2001	 2002	 2003	 2004	 2005	 2006	 2007	 2008	 2009	 2010	 2011	 2012	 2013	 2014	 2015	 2016	 2017	 2018	 2019	 2020	 2021
 Total	 2,655,571	 2,579,301	 2,794,390	 2,622,031	 2,620,262	 2,735,312	 2,756,447	 2,797,397	 2,839,686	 2,904,389	 2,750,444	 2,707,718	 2,698,425	 2,668,428	 2,769,089	 2,798,339	 2,767,610	 2,699,084	 2,655,894	 2,625,056	 2,567,906	 2,505,939	 2,655,083	 2,636,110	 2,577,214	 2,643,908	 2,586,287	 2,498,880	 2,478,889	 2,463,420	 2,353,596	 2,293,708	 2,234,039	 2,162,535	 2,092,214	 1,629,211	 1,912,178
 Hombre	 1,332,681	 1,303,821	 1,413,848	 1,329,209	 1,324,609	 1,378,259	 1,389,667	 1,410,179	 1,425,959	 1,462,458	 1,387,458	 1,365,863	 1,359,672	 1,345,837	 1,384,810	 1,398,877	 1,390,066	 1,345,504	 1,307,080	 1,302,411	 1,284,304	 1,254,600	 1,330,390	 1,320,177	 1,296,770	 1,326,612	 1,300,026	 1,262,938	 1,255,206	 1,247,657	 1,192,795	 1,162,171	 1,134,349	 1,098,674	 1,061,978	 828,944	 969,457
 Mujer	 1,301,690	 1,270,081	 1,378,566	 1,291,405	 1,294,341	 1,356,261	 1,365,868	 1,386,794	 1,412,862	 1,441,367	 1,362,547	 1,341,619	 1,338,539	 1,322,244	 1,384,000	 1,398,703	 1,377,151	 1,350,142	 1,348,354	 1,322,074	 1,283,009	 1,250,937	 1,324,087	 1,315,435	 1,279,883	 1,317,023	 1,285,962	 1,235,719	 1,223,530	 1,215,628	 1,160,760	 1,131,493	 1,099,674	 1,063,826	 1,030,194	 800,264	 942,718
 No especificado	 21,200	 5,399	 1,976	 1,417	 1,312	 792	 912	 424	 865	 564	 439	 236	 214	 347	 279	 759	 393	 3,438	 460	 571	 593	 402	 606	 498	 561	 273	 299	 223	 153	 135	 41	 44	 16	 35	 42	 3	 3


FUENTE: INEGI. Estadísticas de natalidad.
